3.141592653589784
+0b10|0b000100100101111001111001100100011111110000011101111100011111110000000011010010011111100000011000011110110100000010111111101111111101011011001011010110001100010100000101101
00010000100111000111001000101101100111100001010011011111010101010000010100001000011001101110101111110000001001011010000011110100001011110011001110000011110001110110001100001111111
01110101111100011111000110110111101110010101001001011010001101101011111001011111100101001010110111101011111001110011010100001101010111011101110011010000111110110011100110110101010
01010011011101010101101101111110000000011110010001000110001110101001011100011110111011101101101101000101000010101010011000100100101101010110010111010000011101010011000011001001000
10000101110010101010100010000000101110011010011101101000110001011100101111011010010010100000100100101011001001011110000110100010000000101000110010001100000100101000111000110000101
00101111000011100101010001101111000000000011111100001111110100011000100000001101011010101001111101001011101010001000110101111101111010010111001101011101111110100010001101010110011
11101110100100001110001010111110000000011011101010000001011100010000000000100000101001101100110010011111011100001010011100010000100001011110101111101100011000010111111111110010110
10001101000110011000100001001110001011110110011000101001000110111000100110011101111010001000101011101100111101011110100101010110001110100111101100011111100010010000101011011001000
11001011001111001001000101111110001000011100000000010101100101001100000001100010011011111001010100101001010001010100010100100100001000001101100110011011110010101001100111000100000
10101010011111011100000110010110101000110111000101101101011110111011001000100111100010010101101110000100000001100010010010000101011110110110011011101011001001100111111101001011110
01001110011110000010100011101101100100101001110100100111110110111011010000110001100100110101011000100110101110101111000010011011011100010110100101010000101111101100111101001011010
10000110110100111101110100100101111101101110100011100011110000101000100010011000010011101000010110010111111100100101101110111101001111101010010010101101101010001111110011010011101
10100010101101000011100001011100100010010110011111000001001110111010110011100001001011011111100010001101001011101110110010010100101000100110100010101011010011110110110011110101001
11000000110010101010100001001101010001111111001100111110010001000111100111011111011110001100001000100011111100100010000000011100101101001010011011101011011010111001010001001100000
00010101100111010011111010111100110110011110100001100001111001110100000101001001111000000110001000001000000110110110001111001010100001001111111010101101100000110001110101001101111
10110110111110100000011111110101011011010100011000011110001110001111100000011101001101100111101101100100010110011010011110000001111100000010000001111000010011110100000010011100010
00011101111110000111010001100100110010011111111001001011111000111000001001000110011110011001101111011010001010010110111011101101100010011001001100001010101001111110100001110100101
01111100111101101100101111000000011011011111001010100001100111100000100111011001000111100110001100100001000011010000011010001011010110111000101010100111110010101011100010001101100
1000000001100110000010001000000111000110100110010101001001101010100000010110100001000100010101011011111100001001001